9559559
9559560
9559561
9559563
9559566
9559567
9559569
9559572
9559575
9559578
9559581
9559582
9559583
9559584
9559588
9559591
9559593
9559594
9559595
9559597
9559598
9559602
9559604
9559607
9559608
9559609
9559612
9559615
9559617
9559619
9559621
9559622
9559623
9559624
9559626
9559628
9559632
9559635
9559636
9559637
9559638
9559641
9559642
9559644
9559646
9559649
9559652
9559654
9559656
9559658
9559660
9559661
9559664
9559667
9559669
9559670
9559672
9559674
9559675
9559677
9559680
9559685
9559687
9559689
9559691
9559693
9559695
9559697
9559699
9559700
9559704
9559706
9559707
9559708
9559710
9559712
9559715
9559717
9559718
9559720
9559721
9559722
9559727
9559728
9559729
9559730
9559731
9559733
9559736
9559738
9559739
9559741
9559743
9559746
9559747
9559752
9559754
9559758
9559760
9559762
9559764
9559769
9559771
9559774
9559775
9559778
9559782
9559783
9559786
9559788
9559790
9559791
9559793
9559795
9559797
9559801
9559808
9559810
9559811
9559812
9559814
9559816
9559817
9559818
9559819
9559820
9559821
9559824
9559826
9559827
9559829
9559830
9559835
9559836
9559838
9559840
9559843
9559844
9559846
9559848
9559850
9559852
9559853
9559854
9559857
9559858
9559859
9559860
9559861
9559863
9559866
9559870
9559872
9559874
9559875
9559878
9559880
9559881
9559882
9559883
9559884
9559887
9559888
9559892
9559893
9559895
9559897
9559900
9559901
9559903
9559904
9559906
9559907
9559908
9559909
9559910
9559911
9559912
9559913
9559917
9559919
9559920
9559921
9559922
9559925
9559930
9559931
9559935
9559936
9559937
9559938
9559942
9559945
9559946
9559949
9559950
9559952
9559953
9559954
9559955
9559958
9559959
9559962
9559963
9559966
9559969
9559970
9559971
9559974
9559975
9559977
9559980
9559982
9559983
9559986
9559988
9559989
9559991
9559996
9560000
9560005
9560007
9560009
9560011
9560013
9560016
9560020
9560023
9560026
9560029
9560035
9560037
9560039
9560041
9560045
9560047
9560052
9560054
9560055
9560056
9560058
9560062
9560065
9560066
9560069
9560071
9560073
9560074
9560076
9560078
9560079
9560081
9560082
9560084
9560086
9560087
9560090
9560092
9560095
9560099
9560100
9560102
9560104
9560106
9560107
9560108
9560111
9560113
9560115
9560119
9560120
9560121
9560123
9560124
9560126
9560129
9560131
9560132
9560134
9560136
9560138
9560140
9560141
9560142
9560145
9560146
9560149
9560154
9560155
9560157
9560158
9560160
9560161
9560163
9560164
9560165
9560166
9560169
9560172
9560174
9560175
9560176
9560179
9560180
9560182
9560183
9560186
9560187
9560189
9560191
9560192
9560193
9560195
9560196
9560197
9560198
9560199
9560203
9560204
9560206
9560208
9560211
9560214
9560218
9560219
9560220
9560221
9560224
9560225
9560226
9560227
9560228
9560231
9560232
9560235
9560239
9560240
9560245
9560246
9560247
9560251
9560253
9560256
9560257
9560258
9560260
9560261
9560262
9560263
9560264
9560265
9560268
9560270
9560271
9560272
9560273
9560276
9560278
9560280
9560281
9560283
9560285
9560287
9560288
9560291
9560293
9560295
9560297
9560298
9560299
9560300
9560301
9560304
9560305
9560306
9560308
9560310
9560312
9560315
9560316
9560317
9560318
9560319
9560323
9560325
9560328
9560330
9560333
9560334
9560336
9560340
9560341
9560342
9560345
9560347
9560348
9560350
9560352
9560354
9560355
9560356
9560358
9560361
9560363
9560365
9560367
9560368
9560371
9560374
9560377
9560378
9560379
9560381
9560383
9560386
9560387
9560389
9560394
9560397
9560398
9560400
9560401
9560403
9560406
9560407
9560408
9560410
9560412
9560413
9560414
9560415
9560416
9560419
9560420
9560421
9560422
9560425
9560428
9560431
9560433
9560434
9560438
9560439
9560441
9560443
9560446
9560447
9560449
9560450
9560452
9560453
9560454
9560456
9560457
9560459
9560460
9560464
9560465
9560467
9560468
9560471
9560472
9560474
9560475
9560476
9560478
9560479
9560481
9560482
9560489
9560490
9560493
9560494
9560498
9560499
9560500
9560509
9560512
9560515
9560517
9560522
9560523
9560526
9560527
9560529
9560532
9560533
9560536
9560537
9560540
9560541
9560544
9560546
9560548
9560550
9560551
9560553
9560555
9560563
9560565
9560566
9560567
9560569
9560571
9560573
9560576
9560578
9560579
9560585
9560586
9560588
9560591
9560592
9560594
9560597
9560598
9560600
9560603
9560604
9560606
9560608
9560611
9560612
9560613
9560619
9560620
9560621
9560625
9560629
9560631
9560633
9560635
9560636
9560638
9560642
9560645
9560648
9560650
9560653
9560655
9560657
9560659
9560662
9560663
9560667
9560668
9560670
9560673
9560674
9560678
9560679
9560681
9560684
9560685
9560687
9560689
9560693
9560694
9560696
9560697
9560701
9560702
9560703
9560704
9560706
9560708
9560709
9560710
9560711
9560712
9560716
9560717
9560719
9560724
9560730
9560732
9560733
9560741
9560742
9560743
9560747
9560748
9560750
9560751
9560754
9560756
9560757
9560760
9560762
9560763
9560765
9560766
9560767
9560769
9560771
9560773
9560775
9560778
9560779
9560781
9560782
9560784
9560785
9560786
9560787
9560789
9560790
9560792
9560797
9560798
9560799
9560800
9560801
9560802
9560806
9560808
9560809
9560811
9560812
9560814
9560818
9560821
9560825
9560826
9560829
9560830
9560833
9560835
9560836
9560837
9560838
9560839
9560841
9560843
9560844
9560846
9560847
9560848
9560849
9560850
9560852
9560853
9560854
9560856
9560858
9560859
9560860
9560865
9560866
9560867
9560868
9560869
9560870
9560877
9560878
9560883
9560886
9560888
9560890
9560894
9560895
9560898
9560899
9560900
9560901
9560902
9560906
9560908
9560910
9560912
9560913
9560914
9560915
9560916
9560920
9560921
9560924
9560926
9560929
9560930
9560931
9560932
9560938
9560940
9560941
9560942
9560945
9560949
9560951
9560954
9560956
9560957
9560958
9560959
9560964
9560965
9560966
9560969
9560970
9560973
9560976
9560978
9560979
9560982
9560983
9560985
9560987
9560990
9560991
9560994
9560997
9561000
9561005
9561006
9561007
9561009
9561010
9561012
9561013
9561015
9561016
9561017
9561018
9561019
9561023
9561024
9561025
9561028
9561029
9561030
9561032
9561034
9561035
9561036
9561039
9561040
9561044
9561045
9561046
9561047
9561048
9561050
9561052
9561056
9561058
9561059
9561060
9561062
9561063
9561066
9561068
9561069
9561070
9561073
9561074
9561075
9561076
9561078
9561079
9561080
9561081
9561086
9561089
9561090
9561091
9561092
9561094
9561095
9561097
9561098
9561102
9561103
9561105
9561109
9561111
9561114
9561115
9561116
9561117
9561118
9561121
9561122
9561123
9561124
9561126
9561127
9561129
9561130
9561131
9561132
9561135
9561136
9561138
9561141
9561143
9561144
9561145
9561147
9561148
9561152
9561153
9561156
9561158
9561160
9561161
9561163
9561164
9561165
9561166
9561169
9561170
9561171
9561173
9561174
9561177
9561178
9561180
9561182
9561183
9561185
9561186
9561187
9561190
9561192
9561196
9561198
9561199
9561200
9561201
9561202
9561203
9561205
9561206
9561207
9561210
9561211
9561213
9561215
9561217
9561219
9561220
9561223
9561224
9561225
9561227
9561229
9561232
9561234
9561235
9561236
9561239
9561242
9561244
9561251
9561255
9561256
9561257
9561258
9561261
9561265
9561266
9561269
9561271
9561272
9561273
9561277
9561278
9561279
9561426
9561428
9561429
9561430
9561433
9561436
9561638
9561643
9561645
9561647
9561649
9561651
9561653
9561654
9561656
9561658
9561659
9561661
9561664
9561666
9561667
9561670
9561673
9561674
9561675
9561678
9561683
9561685
9561686
9561688
9561690
9561692
9561693
9561695
9561698
9561701
9561702
9561704
9561708
9561710
9561714
9561715
9561718
9561722
9561724
9561725
9561726
9561729
9561733
9561735
9561736
9561738
9561739
9561741
9561742
9561745
9561746
9561749
9561750
9561751
9561753
9561756
9561762
9561766
9561767
9561768
9561770
9561772
9561774
9561777
9561778
9561779
9561780
9561781
9561783
9561785
9561786
9561788
9561795
9561797
9561798
9561800
9561801
9561803
9561805
9561806
9561808
9561813
9561814
9561815
9561818
9561820
9561822
9561823
9561825
9561827
9561828
9561829
9561835
9561836
9561837
9561840
9561843
9561844
9561846
9561849
9561853
9561854
9561855
9561856
9561857
9561861
9561865
9561868
9561869
9561870
9561874
9561875
9561879
9561880
9561882
9561883
9561885
9561886
9561889
9561891
9561892
9561893
9561894
9561896
9561898
9561901
9561902
9561903
9561906
9561907
9561909
9561911
9561914
9561915
9561917
9561918
9561920
9561922
9561924
9561927
9561928
9561932
9561933
9561934
9561935
9561937
9561938
9561940
9561941
9561944
9561945
9561946
9561947
9561949
9561950
9561953
9561954
9561955
9561958
9561962
9561964
9561967
9561971
9561972
9561973
9561975
9561976
9561978
9561979
9561980
9561981
9561982
9561984
9561987
9561990
9561991
9561992
9561993
9561994
9561995
9562000
9562005
9562008
9562010
9562011
9562012
9562015
9562017
9562020
9562021
9562022
9562023
9562025
9562027
9562029
9562031
9562034
9562035
9562036
9562039
9562041
9562044
9562046
9562047
9562048
9562051
9562053
9562055
9562056
9562058
9562059
9562060
9562063
9562064
9562066
9562067
9562068
9562070
9562071
9562074
9562076
9562077
9562078
9562081
9562082
9562085
9562086
9562088
9562091
9562093
9562094
9562097
9562101
9562102
9562105
9562107
9562108
9563203
9563206
9563207
9563208
9563210
9563211
9563215
9563216
9563218
9563220
9563221
9563224
9563227
9563228
9563230
9563231
9563232
9563234
9563237
9563238
9563239
9563240
9563241
9563242
9563243
9563244
9563245
9563247
9563250
9563253
9563256
9563259
9563260
9563262
9563264
9563267
9563269
9563273
9563274
9563275
9563277
9563282
9563284
9563289
9563290
9563295
9563297
9563299
9563301
9563302
9563304
9563306
9563308
9563309
9563310
9563311
9563316
9563317
9563320
9563323
9563326
9563327
9563328
9563330
9563331
9563334
9563335
9563336
9563340
9563341
9563343
9563345
9563350
9563356
9563357
9563359
9563363
9563366
9563368
9563371
9563372
9563376
9563378
9563379
9563381
9563382
9563383
9563385
9563387
9563388
9563389
9563391
9563393
9563395
9563396
9563398
9563402
9563403
9563405
9563406
9563407
9563409
9563410
9563414
9563415
9563418
9563419
9563420
9563422
9563425
9563430
9563431
9563434
9563435
9563441
9563445
9563448
9563450
9563453
9563454
9563455
9563459
9563460
9563463
9563466
9563467
9563469
9563471
9563473
9563474
9563475
9563476
9563478
9563480
9563481
9563483
9563484
9563486
9563488
9563489
9563490
9563492
9563493
9563494
9563496
9563498
9563500
9563508
9563511
9563513
9563514
9563515
9563519
9563520
9563522
9563523
9563525
9563526
9563528
9563531
9563533
9563536
9563537
9563539
9563541
9563542
9563543
9563546
9563548
9563549
9563550
9563552
9563554
9563555
9563558
9563560
9563561
9563562
9563564
9563565
9563566
9563567
9563568
9563569
9563571
9563572
9563574
9563575
9563577
9563578
9563580
9563581
9563583
9563584
9563585
9563589
9563590
9563591
9563593
9563595
9563598
9563601
9563603
9563604
9563605
9563606
9563607
9563608
9563615
9563618
9563621
9563622
9563624
9563625
9563629
9563630
9563633
9563635
9563638
9563639
9563641
9563642
9563645
9563646
9563648
9563652
9563653
9563654
9563655
9563656
9563658
9563660
9563663
9563667
9563669
9563670
9563672
9563673
9563674
9563677
9563679
9563680
9563683
9563684
9563688
9563689
9563692
9563693
9563695
9563696
9563699
9563701
9563702
9563703
9563706
9563707
9563708
9563709
9563711
9563713
9563714
9563717
9563718
9563719
9563720
9563722
9563724
9563728
9563729
9563730
9563731
9563733
9563734
9563736
9563737
9563739
9563740
9563742
9563746
9563750
9563753
9563755
9563756
9563757
9563758
9563759
9563761
9563762
9563764
9563766
9563770
9563776
9563778
9563780
9563781
9563783
9563784
9563786
9563789
9563791
9563793
9563794
9563799
9563800
9563801
9563803
9563804
9563805
9563807
9563810
9563811
9563815
9563816
9563820
9563821
9563824
9563825
9563826
9563830
9563833
9563835
9563838
9563839
9563843
9563844
9563845
9563850
9563851
9563852
9563856
9563858
9563861
9563862
9563863
9563864
9563868
9563869
9563870
9563871
9563872
9563874
9563875
9563877
9563880
9563881
9563882
9563885
9563886
9563889
9563892
9563893
9563895
9563900
9563901
9563903
9563904
9563905
9563906
9563908
9563910
9563911
9563916
9563917
9563921
9563922
9563925
9563926
9563927
9563929
9563930
9563932
9563934
9563936
9563940
9563941
9563945
9563946
9563947
9563953
9563955
9563957
9563960
9563961
9563962
9563964
9563965
9563967
9563969
9563970
9563971
9563973
9563977
9563982
9563983
9563985
9563986
9563987
9563988
9563989
9563991
9563993
9563994
9563995
9564000
9564003
9564005
9564007
9564009
9564012
9564013
9564014
9564015
9564017
9564019
9564022
9564024
9564026
9564029
9564032
9564033
9564034
9564036
9564037
9564039
9564041
9564049
9564050
9564051
9564053
9564058
9564060
9564061
9564063
9564068
9564069
9564070
9564074
9564076
9564077
9564080
9564082
9564084
9564085
9564086
9564088
9564089
9564092
9564095
9564096
9564099
9564100
9564102
9564103
9564105
9564106
9564107
9564109
9564111
9564112
9564118
9564119
9564126
9564127
9564128
9564130
9564131
9564134
9564136
9564138
9564140
9564143
9564144
9564147
9564148
9564149
9564150
9564151
9564152
9564153
9564156
9564157
9564158
9564159
9564160
9564164
9564165
9564166
9564168
9564169
9564171
9564174
9564175
9564178
9564180
9564183
9564184
9564188
9564190
9564192
9564193
9564194
9564197
9564200
9564201
9564204
9564205
9564206
9564209
9564210
9564211
9564213
9564215
9564219
9564221
9564222
9564223
9564226
9564228
9564229
9564233
9564234
9564236
9564238
9564239
9564240
9564241
9564244
9564246
9564247
9564248
9564251
9564255
9564256
9564259
9564263
9564267
9564270
9564274
9564276
9564277
9564279
9564282
9564284
9564285
9564286
9564287
9564290
9564291
9564296
9564297
9564299
9564301
9564302
9564304
9564305
9564306
9564307
9564309
9564313
9564314
9564317
9564319
9564322
9564324
9564325
9564328
9564331
9564335
9564336
9564338
9564340
9564342
9564343
9564345
9564346
9564349
9564351
9564353
9564356
9564359
9564362
9564365
9564366
9564368
9564372
9564373
9564375
9564376
9564379
9564381
9564382
9564386
9564388
9564395
9564396
9564397
9564399
9564400
9564403
9564406
9564407
9564408
9564409
9564410
9564412
9564413
9564416
9564417
9564420
9564422
9564423
9564424
9564425
9564426
9564429
9564430
9564432
9564435
9564436
9564438
9564439
9564441
9564442
9564446
9564447
9564448
9564449
9564451
9564453
9564454
9564455
9564458
9564459
9564460
9564461
9564463
9564464
9564465
9564467
9564469
9564471
9564474
9564475
9564476
9564477
9564478
9564481
9564483
9564485
9564486
9564489
9564492
9564493
9564495
9564496
9564497
9564499
9564500
9564504
9564505
9564506
9564508
9564509
9564510
9564511
9564512
9564515
9564516
9564517
9564520
9564521
9564523
9564524
9564527
9564528
9564529
9564530
9564531
9564532
9564533
9564539
9564540
9564542
9564544
9564545
9564546
9564548
9564550
9564551
9564554
9564562
9564564
9564565
9564569
9564573
9564575
9564576
9564579
9564581
9564582
9564584
9564586
9564588
9564589
9564592
9564594
9564597
9564598
9564599
9564600
9564602
9564603
9564604
9564607
9564609
9564610
9564613
9564614
9564615
9564616
9564619
9564620
9564622
9564623
9564624
9564627
9564628
9564629
9564630
9564633
9564634
9564635
9564637
9564638
9564640
9564641
9564643
9564644
9564647
9564648
9564649
9564652
9564657
9564659
9564662
9564664
9564668
9564669
9564671
9564676
9564681
9564684
9564685
9564688
9564690
9564692
9564695
9564697
9564699
9564700
9564701
9564702
9564703
9564708
9564711
9564712
9564715
9564717
9564718
9564720
9564723
9564724
9564725
9564726
9564728
9564729
9564730
9564731
9564732
9564733
9564734
9564735
9564736
9564738
9564740
9564741
9564742
9564745
9564747
9564751
9564754
9564755
9564759
9564761
9564762
9564766
9564767
9564769
9564771
9564772
9564773
9564774
9564776
9564778
9564779
9564781
9564782
9564783
9564784
9564785
9564786
9564787
9564789
9564791
9564792
9564793
9564794
9564797
9564798
9564799
9564800
9564801
9564802
9564805
9564806
9564809
9564810
9564814
9564816
9564818
9564822
9564823
9564824
9564827
9564832
9564834
9564835
9564837
9564838
9564839
9564842
9564845
9564846
9564848
9564849
9564851
9564852
9564854
9564856
9564859
9564861
9564862
9564865
9564867
9564869
9564870
9564873
9564874
9564875
9564877
9564879
9564880
9564881
9564884
9564885
9564886
9564888
9564889
9564891
9564895
9564898
9564900
9564903
9564904
9564905
9564907
9564909
9564911
9564913
9564914
9564916
9564917
9564919
9564921
9564923
9564925
9564926
9564928
9564929
9564932
9564933
9564934
9564935
9564937
9564939
9564941
9564942
9564945
9564947
9564949
9564950
9564952
9564953
9564954
9564955
9564956
9564957
9564959
9564960
9564961
9564962
9564964
9564966
9564970
9564972
9564974
9564975
9564977
9564978
9564979
9564982
9564985
9564986
9564987
9564990
9564991
9564992
9564993
9564994
9564995
9564999
9565000
9565006
9565007
9565008
9565014
9565015
9565016
9565017
9565018
9565019
9565022
9565026
9565028
9565029
9565030
9565031
9565034
9565036
9565037
9565038
9565039
9565041
9565042
9565043
9565044
9565046
9565047
9565049
9565052
9565056
9565058
9565059
9565060
9565062
9565065
9565066
9565069
9565070
9565072
9565074
9565075
9565077
9565078
9565079
9565080
9565081
9565084
9565088
9565090
9565091
9565094
9565095
9565096
9565097
9565098
9565100
9565103
9565107
9565109
9565110
9565111
9565112
9565113
9565116
9565119
9565120
9565122
9565123
9565126
9565127
9565129
9565130
9565131
9565132
9565133
9565136
9565139
9565143
9565145
9565146
9565147
9565148
9565150
9565151
9565152
9565154
9565157
9565158
9565160
9565162
9565163
9565166
9565170
9565176
9565178
9565180
9565183
9565186
9565188
9565189
9565190
9565195
9565196
9565201
9565202
9565203
9565204
9565205
9565206
9565208
9565209
9565210
9565211
9565213
9565215
9565217
9565218
9565219
9565221
9565222
9565224
9565225
9565230
9565232
9565233
9565236
9565237
9565243
9565245
9565246
9565248
9565249
9565250
9565251
9565252
9565253
9565256
9565257
9565259
9565260
9565262
9565263
9565264
9565267
9565269
9565270
9565272
9565273
9565275
9565276
9565277
9565278
9565279
9565281
9565283
9565287
9565289
9565290
9565292
9565293
9565296
9565297
9565299
9565301
9565305
9565306
9565308
9565309
9565310
9565314
9565315
9565316
9565317
9565318
9565319
9565320
9565323
9565324
9565326
9565329
9565330
9565331
9565332
9565335
9565338
9565340
9565343
9565345
9565346
9565348
9565350
9565352
9565354
9565355
9565357
9565358
9565359
9565360
9565362
9565363
9565364
9565365
9565367
9565368
9565370
9565371
9565373
9565375
9565377
9565378
9565379
9565382
9565384
9565385
9565386
9565390
9565395
9565396
9565399
9565400
9565401
9565403
9565404
9565405
9565406
9565409
9565412
9565414
9565417
9565418
9565420
9565421
9565422
9565423
9565425
9565428
9565432
9565433
9565435
9565436
9565437
9565441
9565443
9565444
9565446
9565447
9565450
9565452
9565454
9565456
9565457
9565460
9565461
9565462
9565465
9565466
9565468
9565469
9565471
9565472
9565473
9565476
9565477
9565481
9565482
9565485
9565487
9565488
9565490
9565493
9565494
9565496
9565497
9565499
9565500
9565503
9565504
9565508
9565509
9565510
9565511
9565513
9565515
9565516
9565520
9565521
9565523
9565524
9565526
9565527
9565528
9565529
9565530
9565531
9565533
9565534
9565536
9565537
9565538
9565540
9565541
9565544
9565546
9565549
9565552
9565555
9565556
9565558
9565562
9565564
9565566
9565567
9565573
9565574
9565578
9565580
9565583
9565584
9565587
9565588
9565589
9565590
9565592
9565593
9565595
9565597
9565598
9565600
9565601
9565603
9565604
9565611
9565612
9565613
9565614
9565616
9565618
9565619
9565621
9565624
9565626
9565628
9565629
9565631
9565633
9565634
9565637
9565640
9565643
9565644
9565647
9565649
9565652
9565655
9565656
9565658
9565660
9565662
9565663
9565665
9565668
9565669
9565670
9565671
9565672
9565673
9565676
9565679
9565680
9565681
9565682
9565683
9565684
9565688
9565691
9565692
9565695
9565697
9565698
9565701
9565706
9565707
9565712
9565713
9565714
9565715
9565718
9565719
9565721
9565722
9565724
9565725
9565727
9565729
9565733
9565734
9565735
9565738
9565741
9565745
9565747
9565748
9565749
9565750
9565751
9565752
9565755
9565760
9565761
9565762
9565763
9565764
9565765
9565769
9565771
9565772
9565773
9565774
9565775
9565778
9565779
9565781
9565783
9565786
9565787
9565788
9565793
9565794
9565795
9565796
9565797
9565798
9565800
9565801
9565803
9565804
9565807
9565808
9565811
9565812
9565814
9565815
9565820
9565821
9565822
9565825
9565826
9565829
9565831
9565833
9565834
9565835
9565836
9565837
9565840
9565841
9565843
9565845
9565846
9565848
9565849
9565854
9565856
9565858
9565859
9565862
9565863
9565867
9565868
9565872
9565874
9565875
9565876
9565878
9565880
9565882
9565885
9565886
9565888
9565889
9565891
9565892
9565895
9565897
9565900
9565901
9565903
9565906
9565907
9565908
9565910
9565911
9565912
9565916
9565917
9565919
9565922
9565923
9565925
9565927
9565929
9565931
9565933
9565935
9565936
9565939
9565943
9565944
9565946
9565947
9565948
9565949
9565952
9565956
9565958
9565962
9565963
9565964
9565965
9565969
9565970
9565973
9565974
9565975
9565976
9565978
9565979
9565980
9565982
9565984
9565985
9565990
9565993
9565994
9565997
9565998
9565999
9566000
9566006
9566007
9566009
9566011
9566013
9566014
9566015
9566016
9566017
9566018
9566020
9566022
9566023
9566024
9566025
9566027
9566028
9566031
9566032
9566034
9566038
9566042
9566046
9566047
9566048
9566051
9566053
9566054
9566055
9566057
9566058
9566059
9566061
9566062
9566063
9566065
9566067
9566070
9566072
9566073
9566074
9566075
9566078
9566079
9566081
9566083
9566086
9566087
9566089
9566090
9566093
9566094
9566097
9566098
9566100
9566101
9566102
9566103
9566104
9566106
9566107
9566110
9566111
9566113
9566114
9566119
9566121
9566124
9566127
9566132
9566133
9566134
9566136
9566137
9566140
9566141
9566142
9566143
9566144
9566148
9566151
9566152
9566153
9566154
9566156
9566157
9566158
9566159
9566160
9566161
9566164
9566165
9566167
9566169
9566170
9566172
9566174
9566175
9566177
9566179
9566181
9566182
9566183
9566185
9566187
9566188
9566190
9566191
9566192
9566194
9566196
9566197
9566200
9566202
9566203
9566204
9566207
9566210
9566211
9566215
9566218
9566219
9566221
9566222
9566223
9566225
9566226
9566227
9566230
9566232
9566235
9566236
9566238
9566239
9566242
9566246
9566249
9566251
9566252
9566255
9566256
9566258
9566259
9566260
9566261
9566263
9566264
9566265
9566267
9566271
9566272
9566273
9566274
9566276
9566280
9566282
9566283
9566284
9566285
9566286
9566288
9566290
9566291
9566293
9566294
9566295
9566297
9566299
9566303
9566304
9566305
9566307
9566309
9566311
9566315
9566317
9566319
9566320
9566321
9566322
9566323
9566328
9566329
9566330
9566333
9566334
9566335
9566336
9566339
9566340
9566342
9566345
9566348
9566349
9566350
9566352
9566358
9566360
9566361
9566362
9566364
9566365
9566366
9566369
9566370
9566372
9566373
9566376
9566378
9566380
9566381
9566383
9566384
9566386
9566391
9566392
9566393
9566396
9566397
9566401
9566403
9566406
9566407
9566408
9566409
9566414
9566415
9566420
9566421
9566422
9566423
9566424
9566427
9566428
9566429
9566431
9566432
9566434
9566436
9566437
9566441
9566443
9566447
9566449
9566450
9566453
9566454
9566457
9566458
9566460
9566462
9566464
9566465
9566467
9566469
9566470
9566472
9566473
9566476
9566479
9566483
9566484
9566485
9566486
9566487
9566488
9566490
9566491
9566492
9566493
9566494
9566495
9566500
9566504
9566505
9566508
9566509
9566512
9566513
9566519
9566520
9566522
9566525
9566526
9566527
9566529
9566531
9566536
9566539
9566541
9566543
9566545
9566546
9566547
9566549
9566552
9566554
9566555
9566556
9566558
9566560
9566561
9566562
9566563
9566564
9566565
9566568
9566570
9566573
9566574
9566576
9566581
9566583
9566584
9566586
9566587
9566588
9566590
9566593
9566594
9566595
9566596
9566598
9566601
9566602
9566603
9566605
9566606
9566608
9566611
9566612
9566615
9566616
9566618
9566619
9566620
9566623
9566624
9566626
9566627
9566628
9566631
9566633
9566638
9566641
9566643
9566644
9566645
9566648
9566650
9566651
9566654
9566655
9566656
9566657
9566659
9566662
9566663
9566664
9566666
9566668
9566669
9566671
9566673
9566675
9566680
9566683
9566684
9566686
9566687
9566691
9566692
9566693
9566695
9566698
9566699
9566701
9566702
9566703
9566705
9566706
9566707
9566708
9566709
9566711
9566714
9566719
9566720
9566722
9566725
9566726
9566727
9566729
9566730
9566733
9566734
9566738
9566741
9566742
9566744
9566745
9566746
9566748
9566750
9566752
9566758
9566760
9566761
9566762
9566763
9566764
9566765
9566769
9566770
9566772
9566775
9566777
9566778
9566780
9566781
9566782
9566783
9566785
9566786
9566789
9566790
9566791
9566792
9566794
9566796
9566798
9566799
9566801
9566802
9566803
9566806
9566807
9566809
9566811
9566812
9566814
9566815
9566816
9566819
9566820
9566823
9566824
9566825
9566827
9566828
9566829
9566833
9566835
9566838
9566840
9566843
9566844
9566845
9566847
9566850
9566853
9566857
9566859
9566863
9566867
9566868
9566870
9566872
9566873
9566875
9566878
9566879
9566880
9566881
9566884
9566886
9566888
9566890
9566893
9566894
9566896
9566897
9566898
9566899
9566900
9566904
9566905
9566906
9566908
9566910
9566915
9566917
9566918
9566923
9566924
9566925
9566927
9566929
9566931
9566934
9566935
9566937
9566938
9566939
9566943
9566946
9566947
9566948
9566949
9566954
9566958
9566960
9566962
9566963
9566964
9566965
9566968
9566969
9566971
9566972
9566974
9566975
9566978
9566979
9566983
9566985
9566987
9566989
9566991
9566992
9566994
9566995
9566996
9566999
9567000
9567005
9567006
9567007
9567010
9567012
9567013
9567014
9567015
9567017
9567020
9567022
9567024
9567028
9567029
9567033
9567034
9567037
9567039
9567040
9567041
9567043
9567044
9567047
9567048
9567049
9567050
9567052
9567054
9567055
9567057
9567060
9567061
9567063
9567066
9567067
9567068
9567072
9567073
9567076
9567079
9567082
9567083
9567085
9567088
9567093
9567096
9567097
9567099
9567102
9567105
9567106
9567110
9567112
9567113
9567116
9567117
9567118
9567121
9567122
9567123
9567126
9567127
9567131
9567132
9567133
9567134
9567136
9567137
9567138
9567140
9567141
9567142
9567145
9567147
9567149
9567151
9567155
9567156
9567158
9567159
9567160
9567162
9567163
9567164
9567166
9567167
9567169
9567171
9567172
9567174
9567175
9567176
9567177
9567178
9567179
9567180
9567181
9567182
9567185
9567187
9567190
9567192
9567193
9567196
9567199
9567201
9567202
9567204
9567206
9567208
9567210
9567214
9567215
9567216
9567218
9567221
9567222
9567224
9567225
9567227
9567232
9567233
9567236
9567237
9567241
9567243
9567245
9567246
9567247
9567250
9567253
9567255
9567262
9567263
9567265
9567266
9567267
9567272
9567273
9567275
9567276
9567281
9567282
9567284
9567286
9567287
9567291
9567294
9567295
9567296
9567298
9567299
9567300
9567304
9567305
9567307
9567310
9567311
9567315
9567316
9567317
9567319
9567321
9567323
9567324
9567325
9567327
9567328
9567329
9567330
9567331
9567334
9567335
9567337
9567338
9567340
9567341
9567342
9567344
9567347
9567348
9567350
9567351
9567353
9567355
9567357
9567359
9567360
9567364
9567368
9567370
9567371
9567372
9567375
9567377
9567382
9567383
9567384
9567386
9567388
9567389
9567390
9567391
9567392
9567394
9567396
9567399
9567400
9567402
9567403
9567404
9567405
9567408
9567409
9567412
9567415
9567418
9567419
9567428
9567430
9567431
9567432
9567433
9567434
9567435
9567436
9567437
9567439
9567440
9567441
9567445
9567448
9567450
9567452
9567454
9567455
9567456
9567458
9567461
9567464
9567467
9567471
9567472
9567474
9567479
9567480
9567481
9567482
9567484
9567485
9567488
9567490
9567493
9567495
9567496
9567497
9567500
9567504
9567509
9567511
9567514
9567516
9567518
9567523
9567524
9567526
9567528
9567530
9567532
9567533
9567534
9567535
9567536
9567540
9567544
9567545
9567547
9567548
9567550
9567552
9567554
9567557
9567558
9567560
9567561
9567562
9567563
9567565
9567566
9567567
9567568
9567570
9567571
9567574
9567577
9567578
9567580
9567582
9567586
9567588
9567591
9567593
9567594
9567596
9567597
9567598
9567599
9567600
9567602
9567603
9567605
9567607
9567608
9567609
9567610
9567613
9567615
9567617
9567620
9567621
9567622
9567624
9567625
9567626
9567627
9567628
9567629
9567632
9567636
9567637
9567639
9567640
9567641
9567643
9567647
9567652
9567654
9567657
9567660
9567661
9567662
9567666
9567668
9567669
9567672
9567673
9567675
9567676
9567678
9567681
9567683
9567686
9567688
9567691
9567693
9567697
9567698
9567699
9567703
9567705
9567706
9567708
9567709
9567710
9567712
9567713
9567714
9567715
9567716
9567717
9567718
9567719
9567720
9567722
9567724
9567725
9567726
9567729
9567730
9567732
9567735
9567738
9567739
9567740
9567741
9567743
9567744
9567746
9567747
9567748
9567750
9567751
9567753
9567754
9567758
9567759
9567760
9567761
9567763
9567764
9567766
9567768
9567769
9567771
9567773
9567774
9567776
9567777
9567779
9567784
9567787
9567788
9567789
9567792
9567794
9567796
9567798
9567805
9567808
9567810
9567812
9567813
9567815
9567816
9567817
9567818
9567820
9567826
9567827
9567828
9567829
9567830
9567831
9567833
9567834
9567835
9567837
9567839
9567843
9567846
9567847
9567850
9567851
9567852
9567854
9567856
9567857
9567858
9567859
9567860
9567866
9567867
9567868
9567872
9567875
9567878
9567880
9567881
9567886
9567887
9567890
9567892
9567895
9567896
9567900
9567901
9567903
9567908
9567910
9567913
9567915
9567918
9567921
9567923
9567926
9567929
9567931
9567932
9567934
9567935
9567937
9567941
9567946
9567947
9567949
9567952
9567955
9567956
9567957
9567959
9567960
9567962
9567963
9567966
9567967
9567968
9567970
9567971
9567974
9567976
9567978
9567979
9567980
9567982
9567984
9567988
9567990
9567991
9567992
9567994
9567995
9568000
9568007
9568009
9568011
9568012
9568013
9568014
9568015
9568016
9568017
9568021
9568022
9568023
9568024
9568025
9568029
9568030
9568032
9568035
9568040
9568041
9568045
9568048
9568049
9568050
9568051
9568053
9568054
9568057
9568060
9568062
9568065
9568067
9568072
9568073
9568075
9568081
9568083
9568086
9568089
9568091
9568093
9568094
9568095
9568100
9568102
9568103
9568104
9568105
9568106
9568108
9568110
9568114
9568116
9568119
9568121
9568122
9568123
9568124
9568126
9568130
9568132
9568135
9568137
9568138
9568144
9568146
9568147
9568148
9568152
9568154
9568156
9568158
9568159
9568161
9568164
9568167
9568168
9568170
9568174
9568175
9568176
9568179
9568180
9568182
9568184
9568185
9568186
9568187
9568189
9568191
9568193
9568194
9568196
9568198
9568199
9568201
9568203
9568204
9568205
9568207
9568211
9568212
9568215
9568216
9568218
9568222
9568225
9568227
9568230
9568232
9568235
9568236
9568239
9568241
9568245
9568246
9568247
9568249
9568251
9568252
9568254
9568256
9568257
9568260
9568261
9568263
9568266
9568267
9568268
9568271
9568272
9568274
9568277
9568278
9568279
9568282
9568283
9568284
9568285
9568289
9568292
9568294
9568295
9568297
9568298
9568300
9568302
9568304
9568305
9568306
9568311
9568315
9568317
9568320
9568323
9568325
9568328
9568330
9568332
9568334
9568337
9568339
9568340
9568342
9568343
9568344
9568348
9568353
9568354
9568355
9568357
9568360
9568363
9568365
9568367
9568371
9568373
9568374
9568376
9568378
9568379
9568381
9568386
9568388
9568390
9568391
9568392
9568393
9568394
9568397
9568398
9568400
9568401
9568404
9568406
9568408
9568410
9568411
9568413
9568416
9568418
9568421
9568426
9568428
9568430
9568434
9568435
9568436
9568439
9568440
9568444
9568445
9568447
9568449
9568450
9568452
9568455
9568456
9568457
9568461
9568464
9568466
9568467
9568469
9568473
9568475
9568478
9568480
9568482
9568485
9568486
9568489
9568494
9568497
9568498
9568499
9568500
9568505
9568507
9568512
9568515
9568517
9568519
9568521
9568524
9568528
9568530
9568532
9568534
9568538
9568542
9568544
9568545
9568546
9568547
9568548
9568549
9568550
9568551
9568553
9568554
9568556
9568557
9568560
9568565
9568567
9568568
9568571
9568572
9568577
9568578
9568579
9568580
9568582
9568583
9568584
9568585
9568586
9568593
9568597
9568600
9568601
9568603
9568606
9568607
9568608
9568609
9568611
9568613
9568615
9568617
9568622
9568625
9568628
9568629
9568633
9568636
9568641
9568642
9568643
9568644
9568645
9568647
9568650
9568652
9568653
9568654
9568656
9568657
9568661
9568662
9568663
9568664
9568667
9568670
9568674
9568675
9568676
9568679
9568680
9568682
9568683
9568684
9568686
9568687
9568689
9568691
9568692
9568693
9568695
9568697
9568698
9568699
9568703
9568708
9568710
9568711
9568713
9568714
9568716
9568717
9568720
9568721
9568722
9568723
9568724
9568725
9568726
9568728
9568729
9568732
9568734
9568735
9568737
9568738
9568742
9568745
9568747
9568748
9568749
9568751
9568753
9568754
9568755
9568758
9568760
9568761
9568762
9568763
9568764
9568766
9568767
9568769
9568772
9568773
9568775
9568776
9568778
9568779
9568780
9568782
9568783
9568784
9568787
9568788
9568790
9568793
9568796
9568798
9568799
9568800
9568802
9568805
9568808
9568809
9568811
9568812
9568813
9568814
9568817
9568819
9568823
9568825
9568831
9568832
9568834
9568837
9568839
9568840
9568842
9568843
9568844
9568845
9568846
9568851
9568852
9568854
9568855
9568856
9568858
9568859
9568860
9568862
9568867
9568868
9568871
9568874
9568877
9568880
9568883
9568884
9568885
9568887
9568888
9568890
9568893
9568894
9568896
9568900
9568905
9568906
9568907
9568908
9568909
9568910
9568911
9568913
9568915
9568917
9568922
9568925
9568926
9568927
9568928
9568930
9568933
9568934
9568936
9568937
9568939
9568941
9568942
9568944
9568946
9568947
9568949
9568950
9568951
9568952
9568953
9568954
9568957
9568959
9568961
9568963
9568968
9568971
9568972
9568973
9568974
9568975
9568977
9568978
9568979
9568980
9568982
9568985
9568987
9568988
9568992
9568994
9568995
9568996
9568997
9568999
9569000
9569001
9569006
9569008
9569010
9569012
9569013
9569015
9569017
9569018
9569020
9569021
9569023
9569024
9569028
9569031
9569032
9569035
9569036
9569040
9569041
9569044
9569046
9569050
9569052
9569055
9569056
9569057
9569058
9569059
9569061
9569063
9569064
9569065
9569066
9569067
9569071
9569074
9569075
9569076
9569077
9569079
9569080
9569082
9569083
9569085
9569087
9569088
9569091
9569093
9569095
9569096
9569098
9569099
9569100
9569105
9569107
9569109
9569110
9569113
9569115
9569116
9569117
9569118
9569121
9569126
9569127
9569128
9569130
9569131
9569133
9569136
9569137
9569138
9569139
9569141
9569142
9569143
9569146
9569147
9569148
9569149
9569151
9569154
9569155
9569156
9569161
9569162
9569165
9569166
9569167
9569168
9569173
9569175
9569176
9569177
9569178
9569181
9569183
9569184
9569189
9569190
9569191
9569193
9569197
9569200
9569201
9569204
9569207
9569208
9569209
9569210
9569211
9569215
9569218
9569219
9569222
9569223
9569225
9569226
9569227
9569231
9569233
9569235
9569237
9569238
9569240
9569243
9569244
9569246
9569249
9569250
9569251
9569254
9569256
9569258
9569259
9569262
9569264
9569265
9569266
9569268
9569270
9569271
9569273
9569274
9569276
9569278
9569279
9569280
9569281
9569282
9569283
9569289
9569293
9569294
9569295
9569298
9569299
9569300
9569301
9569302
9569303
9569304
9569305
9569307
9569309
9569310
9569313
9569315
9569316
9569317
9569318
9569319
9569320
9569325
9569327
9569328
9569331
9569332
9569333
9569336
9569338
9569340
9569341
9569342
9569343
9569345
9569346
9569348
9569350
9569351
9569353
9569356
9569359
9569361
9569362
9569363
9569365
9569366
9569369
9569371
9569372
9569374
9569375
9569376
9569377
9569379
9569380
9569381
9569382
9569384
9569385
9569387
9569389
9569390
9569394
9569395
9569397
9569398
9569399
9569401
9569402
9569403
9569404
9569405
9569407
9569408
9569410
9569411
9569412
9569414
9569415
9569417
9569418
9569422
9569423
9569426
9569427
9569430
9569433
9569434
9569435
9569438
9569439
9569442
9569445
9569446
9569450
9569452
9569453
9569458
9569460
9569462
9569465
9569468
9569469
9569471
9569475
9569477
9569478
9569480
9569481
9569482
9569485
9569487
9569488
9569489
9569493
9569494
9569496
9569497
9569498
9569499
9569500
9569507
9569510
9569514
9569516
9569517
9569519
9569521
9569522
9569524
9569525
9569526
9569529
9569530
9569533
9569534
9569536
9569537
9569538
9569539
9569542
9569546
9569547
9569548
9569552
9569553
9569555
9569558
9569560
9569561
9569563
9569564
9569565
9569566
9569568
9569569
9569570
9569571
9569572
9569573
9569575
9569577
9569578
9569579
9569580
9569581
9569585
9569586
9569587
9569588
9569589
9569590
9569591
9569592
9569595
9569597
9569598
9569601
9569606
9569607
9569608
9569612
9569614
9569615
9569617
9569620
9569621
9569623
9569624
9569625
9569626
9569629
9569630
9569632
9569633
9569634
9569636
9569638
9569640
9569641
9569642
9569645
9569647
9569649
9569654
9569658
9569659
9569660
9569661
9569662
9569664
9569667
9569669
9569670
9569671
9569674
9569675
9569679
9569681
9569685
9569691
9569693
9569696
9569697
9569698
9569699
9569700
9569702
9569703
9569704
9569706
9569707
9569708
9569709
9569710
9569711
9569714
9569715
9569716
9569719
9569720
9569723
9569725
9569726
9569727
9569728
9569730
9569731
9569732
9569734
9569735
9569736
9569739
9569741
9569742
9569744
9569745
9569746
9569748
9569750
9569752
9569753
9569755
9569757
9569760
9569761
9569763
9569766
9569768
9569771
9569772
9569773
9569775
9569777
9569779
9569780
9569781
9569782
9569783
9569785
9569786
9569789
9569790
9569793
9569794
9569795
9569796
9569798
9569801
9569803
9569805
9569806
9569807
9569808
9569810
9569814
9569815
9569820
9569821
9569822
9569823
9569824
9569825
9569827
9569828
9569829
9569831
9569832
9569833
9569834
9569836
9569838
9569839
9569840
9569842
9569845
9569846
9569847
9569851
9569853
9569854
9569856
9569858
9569859
9569860
9569862
9569867
9569868
9569870
9569871
9569874
9569876
9569877
9569878
9569879
9569881
9569882
9569883
9569884
9569886
9569888
9569891
9569893
9569896
9569898
9569900
9569903
9569905
9569907
9569908
9569910
9569912
9569914
9569917
9569920
9569922
9569923
9569925
9569927
9569928
9569929
9569935
9569937
9569939
9569940
9569942
9569943
9569948
9569952
9569954
9569955
9569956
9569958
9569960
9569963
9569964
9569965
9569969
9569971
9569973
9569974
9569975
9569981
9569984
9569985
9569986
9569989
9569992
9569993
9569995
9569996
9569998
9569999
9570000
9570001
9570006
9570011
9570014
9570015
9570016
9570018
9570020
9570021
9570022
9570023
9570024
9570026
9570027
9570029
9570030
9570032
9570033
9570036
9570037
9570041
9570042
9570043
9570044
9570045
9570047
9570049
9570050
9570054
9570057
9570058
9570060
9570061
9570063
9570065
9570068
9570070
9570074
9570076
9570077
9570078
9570079
9570082
9570083
9570084
9570085
9570086
9570088
9570089
9570090
9570091
9570093
9570094
9570096
9570099
9570102
9570103
9570105
9570106
9570107
9570109
9570112
9570113
9570115
9570117
9570119
9570120
9570121
9570123
9570125
9570127
9570129
9570130
9570131
9570134
9570136
9570138
9570140
9570141
9570142
9570143
9570145
9570147
9570149
9570150
9570152
9570154
9570155
9570156
9570157
9570160
9570161
9570162
9570164
9570165
9570168
9570171
9570172
9570174
9570175
9570177
9570179
9570180
9570181
9570183
9570184
9570187
9570190
9570193
9570194
9570195
9570199
9570201
9570202
9570204
9570205
9570206
9570207
9570210
9570212
9570215
9570217
9570218
9570219
9570221
9570222
9570223
9570225
9570230
9570232
9570234
9570238
9570239
9570240
9570241
9570243
9570244
9570246
9570248
9570249
9570250
9570251
9570253
9570254
9570255
9570259
9570263
9570266
9570269
9570271
9570274
9570276
9570277
9570279
9570281
9570283
9570286
9570287
9570288
9570292
9570293
9570294
9570295
9570297
9570300
9570303
9570304
9570305
9570306
9570307
9570308
9570316
9570317
9570321
9570322
9570323
9570325
9570326
9570327
9570329
9570330
9570331
9570334
9570338
9570339
9570340
9570343
9570344
9570345
9570349
9570351
9570353
9570355
9570357
9570358
9570361
9570362
9570363
9570366
9570367
9570369
9570373
9570374
9570375
9570377
9570380
9570381
9570382
9570385
9570386
9570389
9570390
9570392
9570395
9570396
9570398
9570400
9570405
9570407
9570408
9570411
9570413
9570414
9570417
9570419
9570420
9570422
9570423
9570424
9570427
9570428
9570430
9570432
9570434
9570435
9570439
9570441
9570442
9570443
9570444
9570446
9570449
9570450
9570452
9570454
9570455
9570456
9570457
9570458
9570459
9570460
9570463
9570464
9570465
9570467
9570469
9570470
9570471
9570472
9570473
9570475
9570478
9570479
9570480
9570481
9570484
9570485
9570488
9570489
9570490
9570495
9570498
9570499
9570500
9570505
9570508
9570509
9570511
9570512
9570515
9570517
9570518
9570519
9570520
9570521
9570522
9570525
9570526
9570528
9570531
9570533
9570534
9570535
9570536
9570538
9570541
9570544
9570545
9570546
9570547
9570548
9570551
9570552
9570553
9570554
9570555
9570558
9570560
9570561
9570564
9570566
9570567
9570569
9570570
9570573
9570575
9570576
9570577
9570578
9570581
9570582
9570583
9570584
9570585
9570586
9570589
9570590
9570591
9570595
9570597
9570602
9570604
9570605
9570606
9570609
9570614
9570616
9570618
9570620
9570624
9570625
9570629
9570630
9570631
9570633
9570634
9570635
9570636
9570637
9570638
9570639
9570640
9570641
9570644
9570647
9570648
9570649
9570652
9570653
9570654
9570655
9570657
9570658
9570660
9570662
9570664
9570667
9570669
9570670
9570671
9570673
9570674
9570677
9570680
9570682
9570685
9570688
9570690
9570691
9570692
9570693
9570694
9570695
9570696
9570700
9570701
9570703
9570705
9570706
9570707
9570709
9570711
9570712
9570714
9570719
9570720
9570721
9570722
9570724
9570725
9570727
9570732
9570733
9570734
9570736
9570738
9570740
9570742
9570743
9570745
9570747
9570751
9570752
9570754
9570756
9570758
9570760
9570762
9570764
9570765
9570767
9570768
9570769
9570770
9570771
9570773
9570774
9570775
9570778
9570781
9570782
9570784
9570789
9570790
9570795
9570796
9570798
9570804
9570806
9570808
9570809
9570812
9570813
9570814
9570815
9570816
9570817
9570818
9570821
9570823
9570828
9570829
9570831
9570833
9570836
9570840
9570842
9570845
9570846
9570847
9570848
9570849
9570851
9570852
9570853
9570857
9570859
9570862
9570864
9570865
9570866
9570867
9570868
9570870
9570872
9570874
9570876
9570877
9570879
9570882
9570883
9570886
9570887
9570889
9570891
9570892
9570895
9570897
9570899
9570900
9570902
9570903
9570907
9570910
9570911
9570913
9570915
9570916
9570917
9570918
9570919
9570920
9570923
9570925
9570926
9570927
9570930
9570932
9570935
9570936
9570937
9570938
9570944
9570946
9570949
9570950
9570951
9570953
9570954
9570955
9570958
9570959
9570961
9570963
9570966
9570968
9570971
9570973
9570975
9570978
9570979
9570981
9570982
9570983
9570984
9570985
9570986
9570989
9570990
9570992
9570993
9570996
9570997
9570999
9571000
9571006
9571007
9571011
9571013
9571015
9571016
9571017
9571019
9571020
9571022
9571026
9571031
9571032
9571034
9571039
9571041
9571043
9571044
9571046
9571048
9571050
9571052
9571053
9571054
9571055
9571058
9571059
9571060
9571061
9571064
9571065
9571066
9571067
9571068
9571070
9571071
9571072
9571073
9571076
9571079
9571081
9571082
9571084
9571085
9571088
9571089
9571092
9571095
9571097
9571098
9571102
9571104
9571105
9571106
9571108
9571110
9571112
9571113
9571116
9571118
9571122
9571123
9571125
9571126
9571128
9571129
9571130
9571132
9571135
9571136
9571139
9571140
9571141
9571144
9571148
9571150
9571152
9571153
9571154
9571156
9571157
9571158
9571160
9571162
9571169
9571170
9571171
9571173
9571175
9571176
9571179
9571181
9571183
9571188
9571189
9571190
9571192
9571193
9571194
9571198
9571199
9571200
9571203
9571204
9571208
9571211
9571214
9571215
9571217
9571218
9571222
9571224
9571227
9571228
9571229
9571234
9571235
9571236
9571237
9571240
9571241
9571243
9571244
9571245
9571246
9571249
9571251
9571252
9571253
9571255
9571257
9571258
9571261
9571264
9571265
9571268
9571270
9571271
9571272
9571273
9571274
9571276
9571277
9571279
9571280
9571283
9571284
9571285
9571287
9571289
9571290
9571292
9571295
9571296
9571297
9571300
9571301
9571302
9571304
9571306
9571307
9571311
9571315
9571317
9571318
9571319
9571322
9571323
9571326
9571327
9571328
9571329
9571332
9571333
9571335
9571341
9571343
9571344
9571345
9571347
9571348
9571349
9571352
9571353
9571357
9571358
9571359
9571363
9571366
9571367
9571368
9571370
9571371
9571372
9571374
9571376
9571379
9571385
9571390
9571391
9571398
9571401
9571402
9571404
9571405
9571408
9571412
9571414
9571416
9571417
9571422
9571424
9571426
9571428
9571429
9571433
9571434
9571436
9571437
9571440
9571442
9571443
9571444
9571447
9571449
9571450
9571452
9571453
9571454
9571456
9571457
9571459
9571460
9571461
9571462
9571464
9571470
9571471
9571475
9571479
9571483
9571484
9571485
9571487
9571488
9571490
9571493
9571494
9571495
9571496
9571497
9571498
9571499
9571500
9571513
9571515
9571516
9571517
9571518
9571520
9571522
9571525
9571527
9571530
9571531
9571533
9571534
9571537
9571538
9571539
9571540
9571541
9571542
9571543
9571546
9571547
9571549
9571550
9571551
9571552
9571555
9571557
9571558
9571559
9571560
9571564
9571565
9571566
9571567
9571570
9571571
9571572
9571575
9571576
9571577
9571578
9571579
9571580
9571581
9571582
9571583
9571586
9571587
9571589
9571591
9571592
9571594
9571599
9571600
9571603
9571605
9571606
9571608
9571612
9571613
9571614
9571617
9571619
9571623
9571625
9571626
9571627
9571628
9571630
9571631
9571635
9571636
9571640
9571646
9571650
9571653
9571655
9571656
9571657
9571658
9571659
9571660
9571662
9571665
9571667
9571668
9571669
9571673
9571674
9571676
9571678
9571680
9571688
9571689
9571691
9571692
9571693
9571695
9571698
9571701
9571702
9571704
9571705
9571708
9571709
9571712
9571713
9571715
9571716
9571717
9571718
9571720
9571721
9571723
9571724
9571727
9571729
9571730
9571734
9571736
9571738
9571740
9571742
9571744
9571746
9571749
9571751
9571752
9571753
9571754
9571756
9571757
9571758
9571759
9571762
9571763
9571767
9571770
9571773
9571774
9571775
9571779
9571781
9571782
9571785
9571786
9571787
9571788
9571790
9571791
9571793
9571796
9571797
9571799
9571800
9571801
9571803
9571806
9571809
9571810
9571814
9571818
9571820
9571822
9571823
9571824
9571827
9571828
9571829
9571832
9571834
9571836
9571837
9571838
9571840
9571843
9571844
9571847
9571848
9571850
9571851
9571852
9571854
9571855
9571856
9571857
9571860
9571862
9571864
9571866
9571869
9571870
9571872
9571873
9571874
9571876
9571877
9571879
9571882
9571883
9571884
9571885
9571886
9571887
9571888
9571889
9571892
9571893
9571894
9571896
9571897
9571898
9571901
9571904
9571906
9571907
9571909
9571911
9571913
9571915
9571917
9571919
9571920
9571923
9571924
9571927
9571928
9571930
9571931
9571933
9571935
9571936
9571937
9571940
9571941
9571942
9571943
9571946
9571947
9571949
9571950
9571952
9571953
9571954
9571956
9571958
9571962
9571965
9571970
9571972
9571974
9571978
9571979
9571980
9571982
9571984
9571986
9571987
9571988
9571989
9571990
9571994
9571998
9572000
9572005
9572006
9572009
9572011
9572012
9572014
9572017
9572019
9572021
9572022
9572023
9572024
9572026
9572027
9572030
9572034
9572037
9572040
9572042
9572043
9572046
9572047
9572049
9572053
9572054
9572055
9572056
9572057
9572059
9572062
9572063
9572065
9572068
9572069
9572071
9572076
9572077
9572078
9572081
9572082
9572083
9572084
9572090
9572092
9572093
9572094
9572096
9572098
9572099
9572100
9572101
9572105
9572109
9572110
9572111
9572115
9572117
9572118
9572119
9572122
9572127
9572129
9572130
9572134
9572137
9572140
9572141
9572144
9572147
9572148
9572152
9572154
9572155
9572157
9572159
9572161
9572162
9572164
9572166
9572168
9572170
9572171
9572172
9572175
9572177
9572180
9572183
9572184
9572186
9572188
9572189
9572191
9572193
9572195
9572197
9572198
9572199
9572200
9572202
9572205
9572206
9572207
9572209
9572214
9572215
9572216
9572217
9572218
9572219
9572220
9572224
9572225
9572226
9572228
9572229
9572230
9572235
9572236
9572239
9572240
9572241
9572243
9572244
9572246
9572248
9572249
9572251
9572253
9572255
9572258
9572259
9572261
9572264
9572268
9572272
9572273
9572274
9572276
9572280
9572281
9572283
9572285
9572286
9572287
9572289
9572293
9572295
9572296
9572299
9572303
9572304
9572305
9572306
9572309
9572310
9572311
9572312
9572315
9572318
9572319
9572320
9572322
9572323
9572325
9572326
9572327
9572330
9572331
9572334
9572335
9572340
9572342
9572344
9572347
9572348
9572350
9572354
9572357
9572360
9572362
9572371
9572372
9572374
9572377
9572379
9572380
9572382
9572383
9572386
9572392
9572393
9572395
9572397
9572399
9572400
9572402
9572405
9572406
9572409
9572410
9572412
9572413
9572414
9572418
9572420
9572425
9572430
9572431
9572432
9572433
9572434
9572436
9572439
9572440
9572442
9572443
9572445
9572446
9572447
9572448
9572450
9572451
9572452
9572453
9572454
9572455
9572458
9572459
9572461
9572464
9572466
9572471
9572472
9572476
9572479
9572480
9572482
9572483
9572486
9572488
9572489
9572490
9572494
9572495
9572496
9572497
9572500
9572506
9572513
9572514
9572516
9572519
9572521
9572523
9572524
9572526
9572529
9572530
9572531
9572533
9572535
9572538
9572539
9572540
9572543
9572545
9572546
9572549
9572552
9572556
9572559
9572561
9572562
9572567
9572568
9572575
9572576
9572578
9572579
9572584
9572588
9572590
9572591
9572592
9572593
9572595
9572597
9572598
9572599
9572601
9572603
9572604
9572608
9572609
9572610
9572612
9572616
9572617
9572619
9572620
9572623
9572626
9572628
9572632
9572633
9572635
9572636
9572640
9572642
9572644
9572647
9572648
9572652
9572654
9572657
9572662
9572663
9572664
9572665
9572666
9572667
9572670
9572671
9572672
9572673
9572674
9572678
9572679
9572681
9572682
9572684
9572686
9572689
9572692
9572694
9572696
9572701
9572702
9572704
9572706
9572707
9572708
9572709
9572710
9572711
9572714
9572716
9572717
9572719
9572722
9572727
9572731
9572733
9572735
9572738
9572743
9572746
9572751
9572754
9572755
9572756
9572759
9572760
9572761
9572762
9572763
9572764
9572767
9572768
9572770
9572774
9572775
9572777
9572778
9572780
9572781
9572783
9572784
9572785
9572787
9572788
9572790
9572792
9572793
9572796
9572797
9572799
9572800
9572803
9572805
9572807
9572809
9572811
9572813
9572815
9572816
9572817
9572819
9572822
9572825
9572827
9572829
9572830
9572831
9572832
9572834
9572837
9572839
9572840
9572843
9572845
9572846
9572847
9572848
9572850
9572851
9572854
9572857
9572858
9572859
9572861
9572864
9572865
9572866
9572868
9572869
9572870
9572872
9572873
9572874
9572877
9572878
9572882
9572883
9572887
9572888
9572892
9572893
9572895
9572898
9572899
9572900
9572902
9572904
9572905
9572906
9572907
9572908
9572909
9572910
9572911
9572914
9572915
9572919
9572920
9572922
9572923
9572925
9572927
9572928
9572929
9572932
9572933
9572934
9572935
9572936
9572937
9572939
9572942
9572944
9572949
9572951
9572952
9572956
9572957
9572958
9572959
9572962
9572963
9572964
9572965
9572969
9572972
9572975
9572978
9572980
9572981
9572982
9572984
9572985
9572987
9572988
9572990
9572991
9572992
9572994
9572997
9572999
9573000
9573009
9573010
9573011
9573013
9573014
9573015
9573017
9573020
9573021
9573023
9573027
9573030
9573031
9573035
9573037
9573038
9573040
9573043
9573045
9573047
9573048
9573050
9573052
9573054
9573057
9573059
9573061
9573062
9573065
9573066
9573068
9573070
9573072
9573074
9573076
9573077
9573080
9573081
9573082
9573085
9573089
9573090
9573093
9573095
9573097
9573100
9573101
9573102
9573104
9573105
9573110
9573115
9573118
9573119
9573121
9573123
9573124
9573126
9573129
9573132
9573133
9573134
9573140
9573141
9573144
9573145
9573154
9573155
9573158
9573161
9573162
9573164
9573166
9573168
9573169
9573171
9573177
9573178
9573182
9573187
9573189
9573192
9573195
9573198
9573206
9573207
9573211
9573214
9573217
9573218
9573219
9573222
9573223
9573225
9573226
9573229
9573231
9573233
9573238
9573239
9573241
9573242
9573244
9573248
9573250
9573255
9573256
9573258
9573261
9573262
9573264
9573266
9573268
9573269
9573270
9573272
9573274
9573275
9573276
9573278
9573279
9573281
9573282
9573284
9573286
9573287
9573289
9573291
9573294
9573295
9573420
9573421
9573423
9573425
9573426
9573427
9573428
9573430
9573431
9573434
9573437
9573438
9573439
9573440
9573442
9573444
9573445
9573446
9573447
9573448
9573449
9573451
9573452
9573453
9573455
9573456
9573459
9573463
9573465
9573467
9573468
9573469
9573472
9573473
9573475
9573477
9573479
9573481
9573482
9573484
9573485
9573486
9573487
9573488
9573489
9573491
9573492
9573493
9573495
9573496
9573498
9573500
9573508
9573511
9573512
9573514
9573515
9573516
9573517
9573519
9573521
9573525
9573527
9573529
9573531
9573532
9573533
9573539
9573542
9573544
9573545
9573546
9573549
9573550
9573552
9573553
9573554
9573558
9573561
9573562
9573564
9573566
9573567
9573568
9573571
9573573
9573575
9573576
9573577
9573579
9573580
9573581
9573584
9573587
9573591
9573592
9573593
9573595
9573596
9573599
9573601
9573602
9573604
9573608
9573610
9573612
9573613
9573615
9573616
9573618
9573620
9573625
9573626
9573627
9573629
9573630
9573631
9573635
9573637
9573639
9573641
9573642
9573643
9573647
9573649
9573650
9573651
9573652
9573656
9573658
9573660
9573661
9573665
9573666
9573668
9573670
9573672
9573673
9573676
9573677
9573679
9573681
9573682
9573686
9573687
9573691
9573693
9573694
9573696
9573700
9573702
9573703
9573704
9573711
9573713
9573715
9573717
9573718
9573720
9573722
9573723
9573724
9573727
9573729
9573730
9573731
9573732
9573736
9573739
9573745
9573747
9573750
9573752
9573755
9573757
9573758
9573760
9573763
9573764
9573765
9573768
9573769
9573770
9573771
9573772
9573774
9573775
9573776
9573779
9573781
9573782
9573783
9573784
9573785
9573786
9573787
9573789
9573793
9573794
9573796
9573801
9573802
9573803
9573805
9573806
9573808
9573809
9573811
9573813
9573815
9573816
9573818
9573819
9573820
9573822
9573824
9573825
9573826
9573828
9573830
9573831
9573832
9573834
9573836
9573837
9573838
9573839
9573842
9573846
9573847
9573848
9573851
9573852
9573853
9573855
9573857
9573858
9573859
9573863
9573865
9573866
9573867
9573868
9573870
9573871
9573872
9573873
9573876
9573877
9573879
9573880
9573881
9573883
9573887
9573888
9573890
9573892
9573894
9573896
9573897
9573899
9573900
9573903
9573905
9573906
9573908
9573909
9573911
9573914
9573916
9573917
9573920
9573923
9573925
9573928
9573929
9573931
9573932
9573935
9573937
9573938
9573942
9573945
9573947
9573949
9573950
9573953
9573955
9573956
9573957
9573958
9573960
9573961
9573962
9573965
9573967
9573968
9573971
9573972
9573974
9573975
9573977
9573980
9573984
9573985
9573990
9573991
9573997
9573999
9574000
9574003
9574005
9574006
9574007
9574008
9574009
9574011
9574013
9574016
9574018
9574019
9574021
9574022
9574023
9574027
9574028
9574030
9574031
9574032
9574033
9574034
9574035
9574036
9574038
9574039
9574040
9574041
9574044
9574045
9574048
9574049
9574050
9574052
9574053
9574055
9574056
9574058
9574061
9574062
9574064
9574065
9574067
9574068
9574071
9574072
9574076
9574077
9574078
9574080
9574082
9574083
9574084
9574085
9574086
9574087
9574089
9574092
9574093
9574095
9574096
9574097
9574098
9574100
9574103
9574106
9574107
9574109
9574111
9574112
9574113
9574117
9574121
9574122
9574123
9574124
9574126
9574128
9574129
9574131
9574134
9574135
9574138
9574139
9574140
9574142
9574143
9574144
9574145
9574146
9574147
9574149
9574152
9574155
9574156
9574157
9574159
9574160
9574161
9574165
9574166
9574167
9574169
9574170
9574172
9574174
9574176
9574178
9574179
9574181
9574182
9574184
9574187
9574190
9574194
9574196
9574198
9574200
9574201
9574204
9574205
9574206
9574207
9574208
9574211
9574212
9574213
9574214
9574216
9574217
9574218
9574221
9574224
9574226
9574230
9574231
9574233
9574234
9574236
9574238
9574239
9574241
9574242
9574244
9574248
9574250
9574251
9574253
9574256
9574260
9574262
9574263
9574264
9574265
9574269
9574271
9574273
9574276
9574277
9574279
9574280
9574282
9574283
9574284
9574285
9574288
9574289
9574291
9574293
9574296
9574297
9574299
9574301
9574305
9574306
9574307
9574309
9574310
9574315
9574317
9574319
9574320
9574328
9574329
9574331
9574335
9574336
9574338
9574340
9574341
9574342
9574343
9574344
9574345
9574346
9574348
9574353
9574355
9574360
9574362
9574364
9574367
9574369
9574372
9574373
9574374
9574375
9574376
9574378
9574380
9574381
9574383
9574384
9574388
9574390
9574392
9574394
9574395
9574396
9574397
9574398
9574400
9574401
9574402
9574403
9574407
9574409
9574411
9574412
9574413
9574414
9574416
9574418
9574422
9574423
9574424
9574425
9574427
9574430
9574431
9574432
9574433
9574434
9574435
9574436
9574437
9574438
9574439
9574441
9574445
9574447
9574448
9574449
9574453
9574454
9574457
9574458
9574459
9574460
9574462
9574463
9574467
9574468
9574473
9574475
9574478
9574480
9574481
9574483
9574484
9574485
9574487
9574488
9574489
9574492
9574494
9574496
9574497
9574498
9574499
9574500
9574504
9574505
9574508
9574509
9574510
9574512
9574513
9574515
9574516
9574517
9574518
9574520
9574521
9574522
9574524
9574525
9574526
9574528
9574529
9574531
9574534
9574536
9574538
9574539
9574540
9574541
9574542
9574544
9574546
9574549
9574552
9574556
9574558
9574560
9574563
9574564
9574565
9574567
9574569
9574571
9574572
9574573
9574574
9574575
9574577
9574579
9574580
9574581
9574582
9574585
9574587
9574588
9574593
9574595
9574596
9574601
9574602
9574605
9574607
9574609
9574610
9574613
9574615
9574616
9574620
9574622
9574627
9574628
9574630
9574631
9574632
9574634
9574635
9574638
9574641
9574643
9574645
9574647
9574652
9574653
9574655
9574658
9574660
9574661
9574664
9574665
9574667
9574671
9574673
9574674
9574675
9574676
9574677
9574678
9574679
9574681
9574684
9574685
9574687
9574688
9574689
9574690
9574691
9574693
9574694
9574696
9574700
9574701
9574703
9574704
9574706
9574707
9574709
9574710
9574711
9574712
9574714
9574715
9574717
9574718
9574719
9574720
9574724
9574726
9574727
9574728
9574731
9574732
9574734
9574736
9574739
9574740
9574741
9574742
9574743
9574744
9574745
9574746
9574748
9574749
9574751
9574752
9574754
9574756
9574757
9574760
9574761
9574762
9574763
9574766
9574769
9574770
9574772
9574773
9574775
9574776
9574777
9574778
9574781
9574784
9574789
9574790
9574792
9574793
9574795
9574796
9574797
9574799
9574803
9574804
9574805
9574807
9574808
9574810
9574811
9574813
9574814
9574816
9574817
9574818
9574821
9574822
9574823
9574824
9574825
9574827
9574830
9574832
9574834
9574835
9574836
9574841
9574842
9574846
9574847
9574848
9574852
9574853
9574855
9574856
9574857
9574858
9574860
9574863
9574868
9574869
9574871
9574872
9574873
9574875
9574876
9574878
9574879
9574880
9574883
9574884
9574885
9574886
9574888
9574890
9574891
9574893
9574894
9574898
9574900
9574901
9574905
9574906
9574909
9574910
9574911
9574912
9574914
9574915
9574916
9574918
9574919
9574921
9574923
9574924
9574926
9574927
9574929
9574932
9574933
9574934
9574935
9574936
9574937
9574939
9574941
9574942
9574944
9574945
9574947
9574948
9574950
9574952
9574953
9574954
9574955
9574959
9574960
9574963
9574964
9574965
9574969
9574970
9574972
9574976
9574979
9574980
9574988
9574989
9574991
9574992
9574993
9574994
9574995
9574996
9574997
9575000
9575001
9575004
9575006
9575009
9575011
9575014
9575015
9575016
9575017
9575018
9575021
9575023
9575024
9575025
9575026
9575028
9575030
9575032
9575035
9575037
9575038
9575040
9575041
9575044
9575045
9575049
9575050
9575052
9575054
9575055
9575057
9575061
9575062
9575063
9575064
9575066
9575069
9575070
9575072
9575075
9575076
9575077
9575078
9575079
9575082
9575083
9575084
9575085
9575088
9575089
9575091
9575094
9575096
9575100
9575101
9575103
9575104
9575107
9575108
9575109
9575110
9575112
9575113
9575115
9575116
9575118
9575120
9575121
9575122
9575123
9575125
9575129
9575130
9575132
9575133
9575135
9575137
9575138
9575141
9575142
9575144
9575151
9575152
9575154
9575156
9575157
9575158
9575159
9575161
9575163
9575166
9575169
9575170
9575172
9575174
9575177
9575179
9575181
9575184
9575188
9575191
9575193
9575195
9575196
9575198
9575199
9575200
9575205
9575208
9575209
9575210
9575215
9575219
9575220
9575221
9575222
9575223
9575224
9575227
9575228
9575229
9575231
9575234
9575237
9575238
9575240
9575241
9575242
9575243
9575245
9575246
9575248
9575251
9575255
9575256
9575259
9575261
9575263
9575265
9575266
9575267
9575268
9575269
9575270
9575276
9575279
9575282
9575283
9575285
9575286
9575290
9575291
9575292
9575295
9575297
9575298
9575299
9575301
9575302
9575303
9575304
9575305
9575307
9575308
9575309
9575311
9575312
9575313
9575314
9575317
9575320
9575322
9575323
9575324
9575325
9575326
9575327
9575329
9575330
9575331
9575335
9575336
9575337
9575339
9575343
9575344
9575345
9575346
9575348
9575349
9575351
9575352
9575353
9575357
9575358
9575361
9575365
9575366
9575369
9575370
9575371
9575372
9575379
9575381
9575383
9575384
9575388
9575391
9575393
9575395
9575396
9575399
9575401
9575403
9575407
9575408
9575410
9575413
9575415
9575417
9575420
9575421
9575424
9575426
9575428
9575429
9575430
9575432
9575433
9575434
9575435
9575437
9575438
9575441
9575444
9575445
9575447
9575448
9575454
9575456
9575457
9575458
9575460
9575461
9575463
9575464
9575465
9575466
9575468
9575469
9575470
9575471
9575472
9575474
9575477
9575479
9575482
9575484
9575485
9575486
9575488
9575489
9575490
9575495
9575498
9575500
9575501
9575505
9575506
9575507
9575508
9575509
9575512
9575514
9575515
9575517
9575519
9575520
9575521
9575522
9575524
9575526
9575527
9575528
9575530
9575531
9575532
9575533
9575536
9575537
9575538
9575539
9575540
9575542
9575543
9575546
9575548
9575549
9575550
9575551
9575552
9575554
9575557
9575559
9575561
9575562
9575565
9575566
9575568
9575570
9575571
9575573
9575574
9575575
9575578
9575579
9575580
9575582
9575583
9575585
9575586
9575587
9575589
9575590
9575593
9575595
9575597
9575599
9575601
9575603
9575605
9575606
9575608
9575610
9575614
9575616
9575618
9575621
9575622
9575623
9575626
9575630
9575633
9575635
9575638
9575639
9575640
9575641
9575644
9575645
9575646
9575647
9575651
9575652
9575653
9575654
9575655
9575656
9575657
9575658
9575660
9575661
9575662
9575663
9575664
9575666
9575667
9575668
9575669
9575670
9575672
9575673
9575674
9575675
9575678
9575679
9575681
9575682
9575683
9575684
9575685
9575686
9575687
9575690
9575691
9575692
9575693
9575696
9575697
9575699
9575700
9575703
9575705
9575706
9575707
9575709
9575713
9575714
9575715
9575718
9575719
9575722
9575723
9575725
9575731
9575732
9575737
9575739
9575740
9575742
9575744
9575749
9575751
9575752
9575753
9575754
9575756
9575758
9575759
9575760
9575764
9575766
9575771
9575772
9575773
9575774
9575775
9575776
9575777
9575780
9575781
9575784
9575790
9575791
9575793
9575795
9575796
9575797
9575798
9575800
9575801
9575803
9575804
9575806
9575808
9575814
9575815
9575816
9575818
9575820
9575823
9575824
9575826
9575827
9575829
9575830
9575831
9575833
9575838
9575840
9575843
9575845
9575846
9575849
9575852
9575853
9575855
9575856
9575858
9575859
9575860
9575863
9575866
9575867
9575868
9575869
9575872
9575873
9575874
9575876
9575877
9575880
9575883
9575885
9575886
9575888
9575889
9575890
9575892
9575894
9575896
9575898
9575899
9575900
9575901
9575903
9575904
9575905
9575908
9575910
9575913
9575915
9575916
9575922
9575923
9575925
9575926
9575931
9575934
9575935
9575937
9575938
9575941
9575944
9575946
9575949
9575950
9575951
9575952
9575953
9575955
9575957
9575959
9575960
9575962
9575964
9575966
9575968
9575970
9575972
9575977
9575980
9575981
9575984
9575987
9575988
9575990
9575993
9575995
9575996
9575997
9575998
9575999
9576000
9576002
9576008
9576015
9576017
9576019
9576020
9576021
9576022
9576025
9576027
9576029
9576031
9576033
9576034
9576035
9576036
9576038
9576039
9576040
9576041
9576042
9576043
9576047
9576048
9576051
9576053
9576057
9576059
9576060
9576061
9576062
9576065
9576068
9576069
9576070
9576071
9576075
9576077
9576081
9576083
9576086
9576089
9576090
9576093
9576094
9576095
9576099
9576101
9576103
9576108
9576111
9576112
9576115
9576116
9576117
9576119
9576121
9576122
9576123
9576127
9576129
9576130
9576132
9576135
9576137
9576139
9576140
9576143
9576146
9576148
9576149
9576150
9576151
9576152
9576153
9576157
9576158
9576159
9576160
9576164
9576168
9576173
9576175
9576180
9576183
9576186
9576187
9576191
9576194
9576196
9576202
9576204
9576209
9576210
9576212
9576214
9576217
9576218
9576222
9576224
9576227
9576229
9576230
9576237
9576238
9576241
9576242
9576244
9576246
9576247
9576249
9576250
9576258
9576259
9576260
9576261
9576262
9576265
9576266
9576268
9576269
9576270
9576274
9576276
9576277
9576280
9576281
9576283
9576285
9576290
9576293
9576297
9576300
9576304
9576306
9576307
9576308
9576309
9576310
9576311
9576312
9576313
9576315
9576317
9576318
9576319
9576321
9576322
9576323
9576324
9576325
9576327
9576328
9576330
9576331
9576335
9576336
9576337
9576339
9576340
9576345
9576346
9576351
9576352
9576353
9576358
9576362
9576365
9576368
9576369
9576371
9576374
9576377
9576379
9576381
9576382
9576384
9576385
9576386
9576388
9576390
9576392
9576393
9576394
9576396
9576398
9576399
9576400
9576403
9576406
9576407
9576408
9576409
9576411
9576413
9576415
9576418
9576420
9576421
9576423
9576424
9576427
9576429
9576432
9576433
9576435
9576436
9576438
9576439
9576440
9576441
9576443
9576445
9576448
9576452
9576453
9576454
9576458
9576459
9576460
9576462
9576463
9576464
9576465
9576468
9576470
9576471
9576474
9576475
9576477
9576480
9576483
9576484
9576485
9576487
9576492
9576493
9576494
9576500
9576503
9576504
9576506
9576507
9576509
9576510
9576512
9576514
9576515
9576516
9576519
9576526
9576527
9576528
9576530
9576533
9576534
9576536
9576538
9576539
9576541
9576543
9576545
9576548
9576549
9576552
9576555
9576558
9576559
9576561
9576563
9576566
9576569
9576571
9576573
9576574
9576577
9576578
9576582
9576585
9576587
9576590
9576591
9576593
9576595
9576598
9576599
9576603
9576605
9576608
9576612
9576615
9576617
9576620
9576621
9576624
9576625
9576626
9576633
9576635
9576639
9576640
9576642
9576643
9576645
9576648
9576649
9576650
9576651
9576654
9576655
9576658
9576662
9576664
9576665
9576666
9576667
9576669
9576670
9576671
9576672
9576675
9576677
9576680
9576681
9576683
9576684
9576686
9576690
9576694
9576696
9576698
9576700
9576702
9576703
9576707
9576709
9576711
9576713
9576714
9576717
9576719
9576726
9576727
9576729
9576731
9576733
9576736
9576739
9576740
9576741
9576742
9576744
9576748
9576750
9576752
9576753
9576755
9576758
9576759
9576761
9576763
9576765
9576766
9576773
9576774
9576775
9576776
9576779
9576780
9576784
9576786
9576787
9576790
9576791
9576792
9576795
9576798
9576803
9576807
9576808
9576812
9576814
9576816
9576817
9576819
9576820
9576822
9576825
9576826
9576827
9576830
9576833
9576835
9576838
9576844
9576845
9576848
9576851
9576855
9576856
9576857
9576859
9576860
9576861
9576862
9576865
9576866
9576868
9576869
9576871
9576873
9576874
9576876
9576877
9576878
9576879
9576881
9576888
9576889
9576890
9576891
9576897
9576898
9576900
9576903
9576904
9576905
9576906
9576908
9576910
9576914
9576916
9576918
9576919
9576920
9576923
9576924
9576925
9576927
9576929
9576930
9576932
9576935
9576938
9576939
9576941
9576942
9576943
9576945
9576950
9576951
9576952
9576953
9576954
9576955
9576958
9576960
9576964
9576965
9576968
9576971
9576972
9576973
9576975
9576979
9576982
9576985
9576988
9576990
9576991
9576993
9576995
9576997
9577000
9577004
9577005
9577006
9577008
9577011
9577015
9577017
9577020
9577024
9577026
9577029
9577030
9577031
9577033
9577035
9577036
9577037
9577038
9577039
9577040
9577042
9577044
9577046
9577048
9577050
9577051
9577054
9577055
9577059
9577060
9577062
9577068
9577069
9577072
9577075
9577076
9577077
9577078
9577082
9577083
9577085
9577087
9577090
9577091
9577092
9577094
9577095
9577098
9577101
9577102
9577103
9577105
9577108
9577110
9577112
9577114
9577115
9577116
9577117
9577119
9577120
9577122
9577123
9577128
9577129
9577130
9577133
9577134
9577136
9577139
9577151
9577161
9577164
9577166
9577167
9577169
9577172
9577174
9577175
9577180
9577184
9577186
9577189
9577190
9577191
9577192
9577193
9577194
9577197
9577198
9577202
9577203
9577204
9577205
9577208
9577209
9577210
9577212
9577216
9577221
9577223
9577224
9577227
9577228
9577229
9577230
9577231
9577233
9577234
9577236
9577238
9577241
9577245
9577246
9577248
9577251
9577252
9577256
9577257
9577261
9577263
9577267
9577269
9577271
9577272
9577273
9577275
9577276
9577280
9577284
9577286
9577290
9577291
9577293
9577295
9577296
9577298
9577299
9577300
9577301
9577303
9577304
9577308
9577309
9577311
9577315
9577324
9577325
9577328
9577331
9577332
9577333
9577337
9577339
9577342
9577343
9577346
9577347
9577349
9577350
9577353
9577355
9577358
9577359
9577361
9577364
9577366
9577368
9577369
9577370
9577372
9577377
9577380
9577382
9577384
9577385
9577386
9577389
9577391
9577392
9577393
9577394
9577397
9577398
9577399
9577401
9577402
9577403
9577407
9577410
9577412
9577414
9577418
9577420
9577423
9577425
9577426
9577434
9577435
9577436
9577437
9577439
9577440
9577442
9577443
9577445
9577446
9577447
9577448
9577449
9577452
9577454
9577455
9577458
9577460
9577461
9577463
9577464
9577467
9577470
9577471
9577473
9577475
9577478
9577483
9577488
9577490
9577492
9577493
9577494
9577495
9577497
9577498
9577500
9577502
9577505
9577507
9577508
9577510
9577511
9577512
9577516
9577518
9577520
9577521
9577523
9577527
9577528
9577531
9577532
9577534
9577535
9577537
9577543
9577546
9577547
9577549
9577552
9577553
9577554
9577556
9577557
9577558
9577561
9577563
9577569
9577570
9577571
9577572
9577576
9577578
9577579
9577581
9577584
9577585
9577587
9577588
9577589
9577594
9577596
9577597
9577598
9577599
9577601
9577603
9577607
9577608
9577611
9577613
9577614
9577615
9577617
9577619
9577620
9577621
9577622
9577624
9577627
9577628
9577629
9577633
9577634
9577635
9577638
9577642
9577643
9577644
9577646
9577648
9577651
9577654
9577657
9577658
9577659
9577662
9577663
9577665
9577667
9577669
9577670
9577673
9577676
9577677
9577678
9577680
9577682
9577686
9577687
9577688
9577689
9577690
9577692
9577693
9577695
9577697
9577699
9577700
9577701
9577703
9577704
9577705
9577709
9577713
9577715
9577717
9577718
9577719
9577721
9577723
9577725
9577726
9577727
9577730
9577732
9577734
9577736
9577738
9577740
9577741
9577743
9577744
9577745
9577747
9577749
9577751
9577753
9577755
9577757
9577758
9577759
9577761
9577764
9577768
9577769
9577772
9577773
9577774
9577776
9577777
9577781
9577784
9577790
9577792
9577796
9577799
9577801
9577802
9577806
9577809
9577814
9577817
9577818
9577819
9577820
9577823
9577824
9577825
9577826
9577827
9577831
9577832
9577834
9577835
9577837
9577838
9577839
9577842
9577844
9577846
9577847
9577848
9577853
9577855
9577856
9577857
9577860
9577863
9577864
9577865
9577866
9577869
9577871
9577873
9577874
9577876
9577877
9577878
9577879
9577880
9577882
9577886
9577887
9577889
9577891
9577892
9577894
9577895
9577896
9577897
9577898
9577899
9577900
9577905
9577908
9577910
9577911
9577912
9577914
9577915
9577918
9577919
9577921
9577922
9577923
9577924
9577928
9577930
9577934
9577937
9577939
9577941
9577942
9577945
9577946
9577948
9577952
9577957
9577958
9577959
9577961
9577963
9577964
9577965
9577968
9577969
9577970
9577975
9577976
9577980
9577985
9577986
9577987
9577989
9577990
9577994
9577997
9577999
9578000
9578008
9578010
9578012
9578014
9578016
9578017
9578020
9578021
9578023
9578029
9578031
9578032
9578033
9578035
9578037
9578038
9578040
9578043
9578046
9578048
9578049
9578050
9578052
9578055
9578056
9578058
9578063
9578064
9578066
9578068
9578069
9578070
9578073
9578074
9578076
9578077
9578078
9578080
9578082
9578085
9578086
9578087
9578089
9578090
9578093
9578097
9578098
9578099
9578100
9578101
9578107
9578108
9578109
9578114
9578116
9578117
9578121
9578122
9578123
9578125
9578127
9578128
9578132
9578141
9578144
9578146
9578147
9578149
9578150
9578152
9578158
9578159
9578161
9578162
9578166
9578167
9578169
9578170
9578172
9578174
9578175
9578176
9578177
9578178
9578179
9578180
9578183
9578186
9578187
9578189
9578192
9578193
9578195
9578196
9578198
9578199
9578200
9578202
9578213
9578214
9578216
9578219
9578223
9578225
9578227
9578228
9578231
9578232
9578233
9578237
9578242
9578244
9578245
9578246
9578247
9578250
9578251
9578253
9578262
9578263
9578266
9578268
9578270
9578271
9578272
9578273
9578276
9578278
9578279
9578280
9578281
9578284
9578286
9578287
9578289
9578290
9578291
9578292
9578294
9578295
9578296
9578297
9578298
9578308
9578309
9578313
9578315
9578317
9578319
9578321
9578322
9578326
9578329
9578331
9578332
9578334
9578338
9578340
9578341
9578342
9578343
9578345
9578347
9578350
9578352
9578353
9578355
9578357
9578359
9578361
9578364
9578367
9578368
9578371
9578372
9578375
9578376
9578379
9578380
9578381
9578382
9578383
9578384
9578385
9578386
9578388
9578392
9578394
9578397
9578398
9578399
9578402
9578404
9578406
9578407
9578409
9578412
9578413
9578416
9578418
9578423
9578431
9578432
9578435
9578446
9578447
9578449
9578450
9578453
9578456
9578462
9578463
9578467
9578470
9578471
9578472
9578473
9578476
9578479
9578480
9578483
9578484
9578490
9578493
9578496
9578497
9578500
9578507
9578509
9578511
9578514
9578524
9578525
9578531
9578533
9578536
9578538
9578539
9578542
9578544
9578547
9578548
9578551
9578552
9578557
9578558
9578559
9578562
9578563
9578566
9578569
9578572
9578574
9578576
9578580
9578581
9578582
9578583
9578584
9578585
9578586
9578588
9578590
9578591
9578593
9578594
9578595
9578597
9578598
9578602
9578603
9578604
9578610
9578614
9578617
9578620
9578621
9578624
9578626
9578627
9578628
9578630
9578633
9578634
9578635
9578638
9578639
9578642
9578644
9578645
9578647
9578648
9578649
9578652
9578653
9578655
9578656
9578657
9578659
9578660
9578662
9578664
9578665
9578668
9578669
9578670
9578673
9578678
9578682
9578683
9578686
9578687
9578690
9578691
9578692
9578693
9578695
9578698
9578700
9578701
9578702
9578704
9578705
9578706
9578707
9578709
9578710
9578711
9578712
9578713
9578715
9578716
9578717
9578719
9578720
9578721
9578723
9578729
9578730
9578734
9578735
9578736
9578737
9578739
9578741
9578742
9578743
9578745
9578747
9578749
9578753
9578754
9578755
9578759
9578761
9578762
9578763
9578764
9578765
9578768
9578769
9578770
9578771
9578772
9578775
9578777
9578778
9578779
9578780
9578781
9578782
9578784
9578787
9578790
9578793
9578794
9578795
9578798
9578799
9578801
9578802
9578803
9578805
9578807
9578809
9578810
9578811
9578813
9578815
9578817
9578820
9578824
9578826
9578828
9578829
9578831
9578833
9578836
9578837
9578839
9578841
9578842
9578844
9578845
9578847
9578849
9578852
9578853
9578854
9578857
9578858
9578860
9578861
9578862
9578865
9578870
9578873
9578874
9578875
9578876
9578879
9578880
9578881
9578883
9578887
9578888
9578891
9578892
9578893
9578894
9578895
9578896
9578897
9578899
9578903
9578905
9578906
9578908
9578909
9578910
9578911
9578913
9578915
9578916
9578918
9578919
9578920
9578923
9578927
9578928
9578930
9578931
9578933
9578935
9578937
9578938
9578940
9578944
9578946
9578948
9578949
9578950
9578953
9578956
9578959
9578960
9578961
9578964
9578965
9578967
9578969
9578971
9578974
9578975
9578977
9578980
9578981
9578983
9578985
9578988
9578991
9578993
9578994
9578995
9578998
9579000
9579011
9579013
9579014
9579017
9579020
9579021
9579023
9579025
9579027
9579029
9579031
9579033
9579034
9579035
9579036
9579037
9579038
9579040
9579042
9579043
9579044
9579045
9579046
9579049
9579050
9579052
9579053
9579054
9579056
9579057
9579058
9579064
9579065
9579069
9579070
9579071
9579073
9579076
9579077
9579078
9579079
9579080
9579081
9579087
9579088
9579094
9579095
9579097
9579098
9579100
9579102
9579104
9579106
9579107
9579115
9579116
9579117
9579121
9579122
9579123
9579124
9579125
9579126
9579127
9579128
9579129
9579132
9579134
9579135
9579136
9579137
9579138
9579141
9579143
9579148
9579149
9579151
9579153
9579154
9579155
9579156
9579158
9579159
9579160
9579163
9579164
9579166
9579168
9579169
9579170
9579173
9579176
9579180
9579181
9579184
9579185
9579186
9579187
9579189
9579191
9579193
9579195
9579196
9579198
9579199
9579202
9579204
9579207
9579209
9579210
9579212
9579215
9579216
9579219
9579220
9579222
9579226
9579227
9579228
9579231
9579233
9579234
9579235
9579238
9579239
9579240
9579243
9579244
9579245
9579248
9579254
9579256
9579258
9579259
9579260
9579261
9579265
9579269
9579270
9579271
9579274
9579276
9579277
9579278
9579280
9579282
9579287
9579289
9579291
9579292
9579293
9579294
9579295
9579297
9579298
9579302
9579303
9579304
9579309
9579310
9579311
9579314
9579315
9579317
9579321
9579322
9579323
9579328
9579329
9579331
9579333
9579334
9579336
9579337
9579338
9579340
9579342
9579347
9579350
9579351
9579352
9579353
9579355
9579356
9579363
9579364
9579365
9579366
9579368
9579374
9579375
9579376
9579377
9579378
9579384
9579386
9579388
9579392
9579394
9579396
9579397
9579398
9579399
9579401
9579404
9579406
9579408
9579410
9579411
9579412
9579413
9579414
9579419
9579420
9579423
9579425
9579426
9579432
9579435
9579444
9579445
9579446
9579447
9579449
9579451
9579453
9579456
9579457
9579458
9579460
9579463
9579464
9579467
9579469
9579471
9579472
9579475
9579480
9579485
9579487
9579488
9579489
9579490
9579493
9579494
9579495
9579496
9579497
9579498
9579499
9579500
9579508
9579510
9579512
9579514
9579515
9579516
9579517
9579519
9579520
9579521
9579523
9579525
9579526
9579528
9579530
9579532
9579533
9579536
9579538
9579539
9579540
9579544
9579546
9579547
9579548
9579552
9579553
9579554
9579555
9579558
9579560
9579565
9579566
9579567
9579572
9579573
9579575
9579576
9579577
9579579
9579580
9579581
9579582
9579585
9579586
9579587
9579588
9579589
9579591
9579593
9579594
9579595
9579596
9579600
9579601
9579603
9579604
9579606
9579607
9579608
9579612
9579613
9579614
9579618
9579619
9579620
9579621
9579625
9579626
9579631
9579634
9579635
9579637
9579639
9579641
9579642
9579649
9579651
9579653
9579654
9579656
9579659
9579660
9579661
9579662
9579665
9579667
9579668
9579672
9579674
9579678
9579679
9579680
9579687
9579688
9579689
9579691
9579692
9579694
9579695
9579697
9579700
9579702
9579705
9579706
9579708
9579710
9579711
9579715
9579716
9579717
9579719
9579723
9579724
9579726
9579727
9579728
9579729
9579733
9579734
9579735
9579738
9579739
9579741
9579742
9579743
9579745
9579747
9579748
9579750
9579753
9579755
9579756
9579757
9579762
9579763
9579767
9579770
9579771
9579772
9579773
9579774
9579775
9579776
9579780
9579783
9579786
9579787
9579790
9579791
9579793
9579795
9579797
9579798
9579800
9579801
9579804
9579805
9579808
9579809
9579811
9579813
9579815
9579817
9579818
9579819
9579820
9579823
9579824
9579825
9579826
9579828
9579830
9579831
9579834
9579835
9579840
9579843
9579844
9579845
9579846
9579852
9579853
9579858
9579859
9579860
9579861
9579864
9579865
9579867
9579868
9579869
9579870
9579872
9579873
9579874
9579875
9579876
9579877
9579878
9579879
9579881
9579882
9579883
9579884
9579888
9579889
9579890
9579894
9579897
9579901
9579903
9579905
9579908
9579909
9579911
9579913
9579915
9579919
9579920
9579921
9579922
9579924
9579925
9579926
9579928
9579929
9579931
9579934
9579936
9579937
9579940
9579942
9579944
9579945
9579947
9579951
9579952
9579953
9579954
9579957
9579960
9579961
9579963
9579964
9579965
9579966
9579968
9579969
9579972
9579975
9579976
9579977
9579980
9579981
9579982
9579988
9579989
9579990
9579991
9579995
9579996
9579997
9579998
9579999
9580000
9580005
9580006
9580009
9580010
9580011
9580012
9580014
9580016
9580017
9580018
9580020
9580022
9580023
9580025
9580030
9580032
9580034
9580035
9580041
9580043
9580046
9580048
9580049
9580051
9580053
9580055
9580058
9580059
9580061
9580064
9580065
9580066
9580067
9580070
9580072
9580073
9580074
9580076
9580079
9580080
9580082
9580083
9580085
9580092
9580093
9580099
9580100
9580102
9580103
9580104
9580105
9580107
9580108
9580109
9580110
9580111
9580112
9580114
9580115
9580116
9580117
9580119
9580120
9580123
9580124
9580126
9580129
9580131
9580132
9580136
9580137
9580141
9580143
9580145
9580147
9580151
9580153
9580154
9580156
9580158
9580159
9580160
9580162
9580165
9580166
9580168
9580169
9580171
9580172
9580176
9580178
9580180
9580181
9580185
9580186
9580187
9580190
9580192
9580193
9580194
9580195
9580196
9580200
9580204
9580205
9580206
9580208
9580209
9580210
9580211
9580212
9580214
9580216
9580217
9580219
9580221
9580224
9580225
9580227
9580229
9580233
9580234
9580236
9580238
9580239
9580241
9580245
9580246
9580247
9580248
9580250
9580253
9580254
9580255
9580257
9580258
9580260
9580261
9580262
9580263
9580264
9580265
9580269
9580270
9580273
9580274
9580279
9580283
9580285
9580287
9580288
9580289
9580291
9580293
9580295
9580297
9580298
9580300
9580302
9580303
9580305
9580308
9580311
9580314
9580315
9580320
9580321
9580322
9580325
9580327
9580328
9580329
9580330
9580333
9580335
9580336
9580337
9580338
9580340
9580342
9580343
9580344
9580345
9580348
9580351
9580353
9580354
9580356
9580357
9580358
9580359
9580361
9580363
9580368
9580370
9580371
9580372
9580374
9580377
9580378
9580381
9580383
9580385
9580386
9580387
9580388
9580389
9580395
9580397
9580398
9580401
9580403
9580404
9580405
9580409
9580410
9580411
9580415
9580416
9580418
9580420
9580421
9580423
9580424
9580425
9580428
9580430
9580432
9580433
9580434
9580435
9580438
9580439
9580441
9580442
9580443
9580444
9580447
9580450
9580452
9580456
9580457
9580460
9580461
9580462
9580463
9580464
9580465
9580466
9580471
9580472
9580474
9580476
9580479
9580481
9580483
9580484
9580485
9580486
9580490
9580493
9580495
9580496
9580497
9580500
9580503
9580507
9580510
9580512
9580513
9580514
9580515
9580516
9580517
9580520
9580521
9580524
9580526
9580528
9580529
9580530
9580531
9580532
9580533
9580534
9580536
9580539
9580540
9580541
9580542
9580544
9580545
9580548
9580549
9580552
9580554
9580556
9580557
9580559
9580562
9580563
9580565
9580566
9580567
9580568
9580569
9580571
9580572
9580573
9580577
9580578
9580581
9580583
9580584
9580585
9580586
